function map = colorcet_L3()
% Returns the L3 color map from ColorCET (https://colorcet.com/gallery.html)
% Black-Red-Yellow-White heat colour map.

map = [0.000000 0.000000 0.000000
       0.027065 0.000021 0.000000
       0.052054 0.000075 0.000000
       0.071511 0.000139 0.000000
       0.087420 0.000209 0.000000
       0.101087 0.000281 0.000000
       0.113365 0.000356 0.000000
       0.124393 0.000431 0.000000
       0.134632 0.000508 0.000000
       0.144115 0.000586 0.000000
       0.152922 0.000703 0.000000
       0.160732 0.001343 0.000000
       0.168715 0.001452 0.000000
       0.176567 0.001241 0.000000
       0.183636 0.001534 0.000000
       0.190517 0.001751 0.000000
       0.197510 0.001515 0.000000
       0.204009 0.001525 0.000000
       0.209945 0.001964 0.000000
       0.216048 0.002031 0.000000
       0.222150 0.001756 0.000000
       0.228083 0.001546 0.000019
       0.233784 0.001632 0.000035
       0.239550 0.001719 0.000033
       0.245307 0.001810 0.000019
       0.251127 0.001904 0.000019
       0.256937 0.002001 0.000035
       0.262776 0.002102 0.000033
       0.268644 0.002205 0.000020
       0.274511 0.002312 0.000022
       0.280406 0.002423 0.000036
       0.286329 0.002536 0.000030
       0.292287 0.002653 0.000020
       0.298244 0.002775 0.000028
       0.304234 0.002900 0.000036
       0.310256 0.003028 0.000023
       0.316279 0.003160 0.000013
       0.322319 0.003297 0.000033
       0.328377 0.003438 0.000033
       0.334471 0.003582 0.000021
       0.340565 0.003731 0.000024
       0.346684 0.003885 0.000035
       0.352826 0.004042 0.000024
       0.358972 0.004203 0.000011
       0.365151 0.004371 0.000033
       0.371339 0.004542 0.000030
       0.377560 0.004717 0.000015
       0.383791 0.004899 0.000028
       0.390028 0.005085 0.000033
       0.396300 0.005275 0.000019
       0.402576 0.005472 0.000023
       0.408878 0.005674 0.000033
       0.415194 0.005880 0.000022
       0.421522 0.006092 0.000018
       0.427883 0.006312 0.000033
       0.434239 0.006535 0.000022
       0.440621 0.006765 0.000016
       0.447022 0.007002 0.000032
       0.453436 0.007244 0.000021
       0.459867 0.007493 0.000016
       0.466313 0.007750 0.000031
       0.472773 0.008011 0.000019
       0.479256 0.008279 0.000019
       0.485743 0.008555 0.000030
       0.492254 0.008839 0.000014
       0.498781 0.009136 0.000023
       0.505310 0.009437 0.000028
       0.511866 0.009737 0.000006
       0.518439 0.010039 0.000026
       0.525014 0.010354 0.000024
       0.531617 0.010689 0.000016
       0.538250 0.011031 0.000027
       0.544886 0.011393 0.000016
       0.551535 0.011789 0.000023
       0.558184 0.012159 0.000025
       0.564854 0.012508 0.000015
       0.571536 0.012881 0.000025
       0.578227 0.013283 0.000016
       0.584943 0.013701 0.000023
       0.591664 0.014122 0.000023
       0.598391 0.014551 0.000019
       0.605140 0.014994 0.000024
       0.611901 0.015450 0.000014
       0.618683 0.015920 0.000022
       0.625462 0.016401 0.000016
       0.632262 0.016897 0.000021
       0.639073 0.017407 0.000020
       0.645894 0.017931 0.000021
       0.652729 0.018471 0.000021
       0.659582 0.019026 0.000021
       0.666438 0.019598 0.000021
       0.673315 0.020187 0.000020
       0.680192 0.020793 0.000020
       0.687093 0.021418 0.000020
       0.693995 0.022062 0.000019
       0.700918 0.022727 0.000020
       0.707844 0.023412 0.000018
       0.714785 0.024121 0.000018
       0.721734 0.024852 0.000015
       0.728697 0.025608 0.000002
       0.735668 0.026390 0.000000
       0.742656 0.027199 0.000000
       0.749639 0.028038 0.000000
       0.756646 0.028906 0.000000
       0.763654 0.029806 0.000000
       0.770678 0.030743 0.000000
       0.777709 0.031711 0.000000
       0.784743 0.032732 0.000000
       0.791787 0.033741 0.000000
       0.798859 0.034936 0.000000
       0.805930 0.036031 0.000000
       0.812994 0.037230 0.000000
       0.820066 0.038493 0.000000
       0.827150 0.039819 0.000000
       0.834231 0.041236 0.000000
       0.841308 0.042647 0.000000
       0.848381 0.044235 0.000000
       0.855452 0.045857 0.000000
       0.862522 0.047645 0.000000
       0.869578 0.049578 0.000000
       0.876615 0.051541 0.000000
       0.883648 0.053735 0.000000
       0.890642 0.056168 0.000000
       0.897605 0.058852 0.000000
       0.904508 0.061777 0.000000
       0.911306 0.065281 0.000000
       0.917956 0.069448 0.000000
       0.924447 0.074684 0.000000
       0.930613 0.081310 0.000000
       0.936483 0.088878 0.000000
       0.942051 0.097336 0.000000
       0.947302 0.106654 0.000000
       0.952201 0.116598 0.000000
       0.956744 0.127157 0.000000
       0.960944 0.138244 0.000000
       0.964787 0.149634 0.000000
       0.968291 0.161283 0.000000
       0.971474 0.173033 0.000000
       0.974361 0.184887 0.000000
       0.976976 0.196723 0.000000
       0.979342 0.208458 0.000000
       0.981479 0.220131 0.000000
       0.983403 0.231666 0.000000
       0.985149 0.243007 0.000000
       0.986724 0.254248 0.000000
       0.988151 0.265254 0.000000
       0.989439 0.276144 0.000000
       0.990609 0.286793 0.000000
       0.991667 0.297314 0.000000
       0.992625 0.307636 0.000000
       0.993496 0.317808 0.000000
       0.994284 0.327805 0.000000
       0.994998 0.337639 0.000000
       0.995645 0.347351 0.000000
       0.996227 0.356890 0.000000
       0.996751 0.366300 0.000000
       0.997224 0.375564 0.000000
       0.997648 0.384713 0.000000
       0.998026 0.393741 0.000000
       0.998362 0.402655 0.000000
       0.998660 0.411454 0.000000
       0.998922 0.420150 0.000000
       0.999151 0.428743 0.000000
       0.999349 0.437241 0.000000
       0.999517 0.445630 0.000000
       0.999657 0.453946 0.000000
       0.999770 0.462171 0.000000
       0.999860 0.470321 0.000000
       0.999927 0.478385 0.000000
       0.999972 0.486381 0.000000
       0.999997 0.494301 0.000000
       1.000000 0.502140 0.000000
       1.000000 0.509909 0.000013
       1.000000 0.517614 0.000045
       1.000000 0.525234 0.000097
       1.000000 0.532795 0.000169
       1.000000 0.540284 0.000258
       1.000000 0.547712 0.000365
       1.000000 0.555080 0.000493
       1.000000 0.562405 0.000640
       1.000000 0.569651 0.000804
       1.000000 0.576868 0.000989
       1.000000 0.584019 0.001194
       1.000000 0.591130 0.001419
       1.000000 0.598191 0.001663
       1.000000 0.605215 0.001928
       1.000000 0.612193 0.002215
       1.000000 0.619140 0.002521
       1.000000 0.626032 0.002850
       1.000000 0.632897 0.003201
       1.000000 0.639725 0.003574
       1.000000 0.646514 0.003970
       1.000000 0.653268 0.004390
       1.000000 0.660000 0.004834
       1.000000 0.666691 0.005303
       1.000000 0.673361 0.005797
       1.000000 0.679992 0.006317
       1.000000 0.686606 0.006865
       1.000000 0.693192 0.007441
       1.000000 0.699744 0.008043
       1.000000 0.706280 0.008676
       1.000000 0.712779 0.009349
       1.000000 0.719270 0.010023
       1.000000 0.725733 0.010724
       1.000000 0.732173 0.011565
       1.000000 0.738590 0.012339
       1.000000 0.744986 0.013160
       1.000000 0.751370 0.014042
       1.000000 0.757724 0.014955
       1.000000 0.764062 0.015913
       1.000000 0.770385 0.016915
       1.000000 0.776694 0.017964
       1.000000 0.782977 0.019062
       1.000000 0.789253 0.020212
       1.000000 0.795505 0.021417
       1.000000 0.801745 0.022680
       1.000000 0.807971 0.024005
       1.000000 0.814180 0.025396
       1.000000 0.820376 0.026858
       1.000000 0.826563 0.028394
       1.000000 0.832730 0.030013
       1.000000 0.838886 0.031717
       1.000000 0.845033 0.033480
       1.000000 0.851160 0.035488
       1.000000 0.857281 0.037452
       1.000000 0.863397 0.039592
       1.000000 0.869488 0.041898
       1.000000 0.875574 0.044392
       1.000000 0.881650 0.046958
       1.000000 0.887707 0.049770
